0 0 0 0
1 255 0 0
2 255 0 0
3 255 0 0
4 255 0 0
5 255 0 0
6 255 0 0
7 255 0 0
8 255 0 0
9 255 0 0
10 255 0 0
11 255 165 0
12 255 165 0
13 255 165 0
14 255 165 0
15 255 165 0
16 255 165 0
17 255 165 0
18 255 165 0
19 255 165 0
20 255 165 0
21 255 165 0
22 255 165 0
23 255 165 0
24 255 165 0
25 255 165 0
26 255 165 0
27 255 165 0
28 255 165 0
29 255 165 0
30 255 165 0
31 255 255 0
32 255 255 0
33 255 255 0
34 255 255 0
35 255 255 0
36 255 255 0
37 255 255 0
38 255 255 0
39 255 255 0
40 255 255 0
41 255 255 0
42 255 255 0
43 255 255 0
44 255 255 0
45 255 255 0
46 255 255 0
47 255 255 0
48 255 255 0
49 255 255 0
50 255 255 0
51 144 238 144
52 143 237 143
53 143 237 143
54 142 236 142
55 142 236 142
56 141 236 141
57 141 235 141
58 141 235 141
59 140 234 140
60 140 234 140
61 139 234 139
62 139 233 139
63 139 233 139
64 138 232 138
65 138 232 138
66 137 232 137
67 137 231 137
68 136 231 136
69 136 230 136
70 136 230 136
71 135 230 135
72 135 229 135
73 134 229 134
74 134 228 134
75 134 228 134
76 133 228 133
77 133 227 133
78 132 227 132
79 132 226 132
80 132 226 132
81 131 226 131
82 131 225 131
83 130 225 130
84 130 224 130
85 129 224 129
86 129 224 129
87 129 223 129
88 128 223 128
89 128 222 128
90 127 222 127
91 127 222 127
92 127 221 127
93 126 221 126
94 126 220 126
95 125 220 125
96 125 220 125
97 125 219 125
98 124 219 124
99 124 219 124
100 123 218 123
101 123 218 123
102 122 217 122
103 122 217 122
104 122 217 122
105 121 216 121
106 121 216 121
107 120 215 120
108 120 215 120
109 120 215 120
110 119 214 119
111 119 214 119
112 118 213 118
113 118 213 118
114 118 213 118
115 117 212 117
116 117 212 117
117 116 211 116
118 116 211 116
119 115 211 115
120 115 210 115
121 115 210 115
122 114 209 114
123 114 209 114
124 113 209 113
125 113 208 113
126 113 208 113
127 112 207 112
128 112 207 112
129 111 207 111
130 111 206 111
131 110 206 110
132 110 205 110
133 110 205 110
134 109 205 109
135 109 204 109
136 108 204 108
137 108 203 108
138 108 203 108
139 107 203 107
140 107 202 107
141 106 202 106
142 106 202 106
143 106 201 106
144 105 201 105
145 105 200 105
146 104 200 104
147 104 200 104
148 103 199 103
149 103 199 103
150 103 198 103
151 102 198 102
152 102 198 102
153 101 197 101
154 101 197 101
155 101 196 101
156 100 196 100
157 100 196 100
158 99 195 99
159 99 195 99
160 99 194 99
161 98 194 98
162 98 194 98
163 97 193 97
164 97 193 97
165 96 192 96
166 96 192 96
167 96 192 96
168 95 191 95
169 95 191 95
170 94 190 94
171 94 190 94
172 94 190 94
173 93 189 93
174 93 189 93
175 92 188 92
176 92 188 92
177 92 188 92
178 91 187 91
179 91 187 91
180 90 186 90
181 90 186 90
182 89 186 89
183 89 185 89
184 89 185 89
185 88 185 88
186 88 184 88
187 87 184 87
188 87 183 87
189 87 183 87
190 86 183 86
191 86 182 86
192 85 182 85
193 85 181 85
194 84 181 84
195 84 181 84
196 84 180 84
197 83 180 83
198 83 179 83
199 82 179 82
200 82 179 82
201 82 178 82
202 81 178 81
203 81 177 81
204 80 177 80
205 80 177 80
206 80 176 80
207 79 176 79
208 79 175 79
209 78 175 78
210 78 175 78
211 77 174 77
212 77 174 77
213 77 173 77
214 76 173 76
215 76 173 76
216 75 172 75
217 75 172 75
218 75 171 75
219 74 171 74
220 74 171 74
221 73 170 73
222 73 170 73
223 73 169 73
224 72 169 72
225 72 169 72
226 71 168 71
227 71 168 71
228 70 168 70
229 70 167 70
230 70 167 70
231 69 166 69
232 69 166 69
233 68 166 68
234 68 165 68
235 68 165 68
236 67 164 67
237 67 164 67
238 66 164 66
239 66 163 66
240 66 163 66
241 65 162 65
242 65 162 65
243 64 162 64
244 64 161 64
245 63 161 63
246 63 160 63
247 63 160 63
248 62 160 62
249 62 159 62
250 61 159 61
251 61 158 61
252 61 158 61
253 60 158 60
254 60 157 60
255 59 157 59
256 59 156 59
257 59 156 59
258 58 156 58
259 58 155 58
260 57 155 57
261 57 154 57
262 56 154 56
263 56 154 56
264 56 153 56
265 55 153 55
266 55 152 55
267 54 152 54
268 54 152 54
269 54 151 54
270 53 151 53
271 53 151 53
272 52 150 52
273 52 150 52
274 51 149 51
275 51 149 51
276 51 149 51
277 50 148 50
278 50 148 50
279 49 147 49
280 49 147 49
281 49 147 49
282 48 146 48
283 48 146 48
284 47 145 47
285 47 145 47
286 47 145 47
287 46 144 46
288 46 144 46
289 45 143 45
290 45 143 45
291 44 143 44
292 44 142 44
293 44 142 44
294 43 141 43
295 43 141 43
296 42 141 42
297 42 140 42
298 42 140 42
299 41 139 41
300 41 139 41
301 40 139 40
302 40 138 40
303 40 138 40
304 39 137 39
305 39 137 39
306 38 137 38
307 38 136 38
308 37 136 37
309 37 135 37
310 37 135 37
311 36 135 36
312 36 134 36
313 35 134 35
314 35 134 35
315 35 133 35
316 34 133 34
317 34 132 34
318 33 132 33
319 33 132 33
320 33 131 33
321 32 131 32
322 32 130 32
323 31 130 31
324 31 130 31
325 30 129 30
326 30 129 30
327 30 128 30
328 29 128 29
329 29 128 29
330 28 127 28
331 28 127 28
332 28 126 28
333 27 126 27
334 27 126 27
335 26 125 26
336 26 125 26
337 25 124 25
338 25 124 25
339 25 124 25
340 24 123 24
341 24 123 24
342 23 122 23
343 23 122 23
344 23 122 23
345 22 121 22
346 22 121 22
347 21 120 21
348 21 120 21
349 21 120 21
350 20 119 20
351 20 119 20
352 19 118 19
353 19 118 19
354 18 118 18
355 18 117 18
356 18 117 18
357 17 117 17
358 17 116 17
359 16 116 16
360 16 115 16
361 16 115 16
362 15 115 15
363 15 114 15
364 14 114 14
365 14 113 14
366 14 113 14
367 13 113 13
368 13 112 13
369 12 112 12
370 12 111 12
371 11 111 11
372 11 111 11
373 11 110 11
374 10 110 10
375 10 109 10
376 9 109 9
377 9 109 9
378 9 108 9
379 8 108 8
380 8 107 8
381 7 107 7
382 7 107 7
383 7 106 7
384 6 106 6
385 6 105 6
386 5 105 5
387 5 105 5
388 4 104 4
389 4 104 4
390 4 103 4
391 3 103 3
392 3 103 3
393 2 102 2
394 2 102 2
395 2 101 2
396 1 101 1
397 1 101 1
398 0 100 0
399 0 100 0
400 0 100 0
